function [S, P, A] = getFontenlaN

S = [ ...
     284 442; ...
     300 467; ...
     322 490; ...
     432 580; ...
     470 605; ...
     521 634; ...
     542 646; ...
     585 665; ...
     596 671; ...
     618 685; ...
     635 696; ...
     644 703; ...
     647 705; ...
     657 707; ...
     667 708; ...
     679 711; ...
     718 712; ...
     750 714; ...
     806 713; ...
     857 709; ...
     899 706; ...
     952 704; ...
     1000 704; ...
     1052 704; ...
     1084 702; ...
     1103 699; ...
     1135 692; ...
     1162 685; ...
     1186 675; ...
     1203 665; ...
     1233 650; ...
     1251 638; ...
     1279 626; ...
     1299 620; ...
     1302 626; ...
     1303 690; ...
     1305 713; ...
     1307 724; ...
     1309 733; ...
     1316 746; ...
     1322 757; ...
     1329 766; ...
     1335 773; ...
     1348 780; ...
     1367 788; ...
     1384 794; ...
     1402 797; ...
     1436 802; ...
     1481 807; ...
     1558 814; ...
     1665 819; ...
     1770 823; ...
     1836 825; ...
     1903 827; ...
     1965 828 ...
    ];
%      1300 615; ...
%      1301 615; ...

P = [...
     284 313; ...
     321 366; ...
     355 400; ...
     380 422; ...
     435 458; ...
     609 556; ...
     654 579; ...
     682 588; ...
     700 592; ...
     729 596; ...
     746 594; ...
     768 587; ...
     799 578; ...
     824 571; ...
     848 567; ...
     879 564; ...
     911 562; ...
     977 562; ...
     1073 559; ...
     1122 558; ...
     1203 559; ...
     1306 562; ...
     1386 567; ...
     1434 574; ...
     1484 579; ...
     1501 575; ...
     1504 662; ...
     1506 701; ...
     1509 716; ...
     1514 730; ...
     1525 743; ...
     1538 750; ...
     1557 758; ...
     1584 764; ...
     1617 769; ...
     1667 774; ...
     1733 779; ...
     1799 782; ...
     1822 783; ...
     1966 789; ...
    ];
%      1502 569; ...
%      1503 569; ...

A = [ ...
     284 310; ...
     300 348; ...
     314 374; ...
     323 384; ...
     345 406; ...
     368 424; ...
     407 451; ...
     718 646; ...
     741 659; ...
     776 673; ...
     792 673; ...
     814 672; ...
     854 655; ...
     880 644; ...
     904 637; ...
     929 631; ...
     957 627; ...
     976 625; ...
     1055 625; ...
     1109 629; ...
     1171 636; ...
     1240 646; ...
     1294 655; ...
     1382 668; ...
     1458 678; ...
     1527 686; ...
     1588 689; ...
     1644 696; ...
     1702 698; ...
     1783 700; ...
     1807 701; ...
     1819 702; ...
     1821 729; ...
     1822 746; ...
     1823 757; ...
     1826 768; ...
     1830 777; ...
     1833 782; ...
     1837 801; ...
     1841 811; ...
     1844 817; ...
     1847 822; ...
     1851 827; ...
     1860 832; ...
     1870 838; ...
     1883 843; ...
     1904 848; ...
     1929 853; ...
     1949 856; ...
     1965 858; ...
    ];
%      1817 694; ...
%      1818 694; ...

Sh0 = 284;
Sh2400 = 1965;
ST9 = 869;
ST16 = 73;

S(:, 1) = (S(:, 1)-Sh0)/(Sh2400-Sh0)*2400*1e5;
P(:, 1) = (P(:, 1)-Sh0)/(Sh2400-Sh0)*2400*1e5;
A(:, 1) = (A(:, 1)-Sh0)/(Sh2400-Sh0)*2400*1e5;
S(:, 2) = (S(:, 2)-ST9)/(ST16-ST9)*7 + 9;
P(:, 2) = (P(:, 2)-ST9)/(ST16-ST9)*7 + 9;
A(:, 2) = (A(:, 2)-ST9)/(ST16-ST9)*7 + 9;

end
