B=[25, 23, 24]
X=[25, 23, 24]*ones(3,4)